CD,Cluster,Very low density,Low density,Medium density,High density,
AK-AL,Pure rural,0.482992665,0.198331097,0.229245042,0.089431195,
AL-01,Rural-suburban mix,0.365358974,0.428877657,0.197413357,0.008350013,
AL-02,Pure rural,0.535486669,0.31614772,0.148365611,0,
AL-03,Pure rural,0.540407296,0.389347676,0.065552228,0.0046928,
AL-04,Pure rural,0.69533214,0.288941508,0.015726352,0,
AL-05,Rural-suburban mix,0.398973049,0.432821297,0.168205655,0,
AL-06,Rural-suburban mix,0.346319911,0.49027171,0.151928697,0.011479682,
AL-07,Rural-suburban mix,0.303055809,0.330021701,0.339117516,0.027804974,
AR-01,Pure rural,0.650547977,0.264875258,0.084576765,0,
AR-02,Rural-suburban mix,0.305145193,0.39532154,0.294859311,0.004673956,
AR-03,Rural-suburban mix,0.361864208,0.433573111,0.204562682,0,
AR-04,Pure rural,0.690657483,0.262483008,0.046859509,0,
AZ-01,Pure rural,0.552900431,0.316821046,0.130278523,0,
AZ-02,Dense suburban,0.170871146,0.223304459,0.408930803,0.196893591,
AZ-03,Dense suburban,0.176423801,0.257885821,0.447550938,0.11813944,
AZ-04,Rural-suburban mix,0.366262401,0.397373647,0.198631276,0.037732676,
AZ-05,Dense suburban,0.003618718,0.230978847,0.676681395,0.08872104,
AZ-06,Dense suburban,0.040134928,0.227922918,0.42978418,0.302157974,
AZ-07,Urban-suburban mix,0.000759489,0.129455329,0.435115029,0.434670153,
AZ-08,Dense suburban,0.052865116,0.198211327,0.615663893,0.133259664,
AZ-09,Urban-suburban mix,9.26125E-05,0.057301059,0.428893084,0.513713245,
CA-01,Rural-suburban mix,0.431104133,0.367305761,0.170450159,0.031139947,
CA-02,Rural-suburban mix,0.289726987,0.315057017,0.332725326,0.06249067,
CA-03,Rural-suburban mix,0.250094866,0.258825396,0.258746879,0.23233286,
CA-04,Rural-suburban mix,0.408058314,0.349768047,0.199964043,0.042209596,
CA-05,Dense suburban,0.129091208,0.235716195,0.385459595,0.249733003,
CA-06,Urban-suburban mix,0.010107086,0.067177025,0.390008165,0.532707724,
CA-07,Dense suburban,0.050511194,0.091057017,0.550797636,0.307634153,
CA-08,Rural-suburban mix,0.267238283,0.47800226,0.234738237,0.020021219,
CA-09,Dense suburban,0.090937515,0.236530012,0.449621722,0.222910751,
CA-10,Dense suburban,0.113324645,0.20045871,0.460711605,0.22550504,
CA-11,Urban-suburban mix,0.022609345,0.240418852,0.333292353,0.40367945,
CA-12,Pure urban,0.000471314,0.011569472,0.015539853,0.972419361,
CA-13,Pure urban,0.002136938,0.0458227,0.106423434,0.845616929,
CA-14,Urban-suburban mix,0.023704437,0.096242496,0.21598721,0.664065857,
CA-15,Urban-suburban mix,0.05213472,0.147415039,0.286899722,0.513550518,
CA-16,Dense suburban,0.16602181,0.236400317,0.366472542,0.231105331,
CA-17,Pure urban,0.008294134,0.064441211,0.161098087,0.766166568,
CA-18,Urban-suburban mix,0.043208436,0.151931204,0.250548249,0.554312111,
CA-19,Urban-suburban mix,0.024078472,0.103068187,0.199140617,0.673712724,
CA-20,Urban-suburban mix,0.201748115,0.171049317,0.238579783,0.388622785,
CA-21,Rural-suburban mix,0.33002772,0.304560954,0.276540951,0.088870375,
CA-22,Dense suburban,0.142059434,0.210396114,0.502508543,0.145035909,
CA-23,Dense suburban,0.200152243,0.226963367,0.450716971,0.12216742,
CA-24,Sparse suburban,0.176213418,0.277463981,0.29321032,0.253112282,
CA-25,Dense suburban,0.122373689,0.21819064,0.489269289,0.170166382,
CA-26,Dense suburban,0.10699208,0.234948004,0.327145992,0.330913924,
CA-27,Urban-suburban mix,0.001298761,0.046273858,0.317393898,0.635033483,
CA-28,Pure urban,0.000755492,0.078844171,0.135579575,0.784820762,
CA-29,Pure urban,0.000205891,0.025957619,0.193343592,0.780492898,
CA-30,Urban-suburban mix,0.007387578,0.06446326,0.249450736,0.678698426,
CA-31,Dense suburban,0.007963084,0.163944641,0.556035079,0.272057196,
CA-32,Urban-suburban mix,0.001979019,0.067868049,0.309341591,0.620811341,
CA-33,Urban-suburban mix,0.027981688,0.139096206,0.167534162,0.665387944,
CA-34,Pure urban,0.000208298,0.015395991,0.086290648,0.898105063,
CA-35,Urban-suburban mix,0.00175584,0.122117427,0.476638625,0.399488109,
CA-36,Dense suburban,0.130414553,0.26657135,0.502314963,0.100699135,
CA-37,Pure urban,0,0.005620914,0.026467888,0.967911198,
CA-38,Pure urban,0,0.078487294,0.191186401,0.730326305,
CA-39,Dense suburban,0.002216131,0.162613609,0.493906809,0.341263452,
CA-40,Pure urban,0.000168935,0.012109798,0.102779126,0.884942141,
CA-41,Dense suburban,0.035180608,0.270007265,0.461889632,0.232922495,
CA-42,Sparse suburban,0.079342553,0.419869477,0.401800705,0.098987265,
CA-43,Pure urban,0,0,0.105680296,0.894319704,
CA-44,Pure urban,0.001557908,0.015924207,0.183336983,0.799180901,
CA-45,Urban-suburban mix,0.01038039,0.150326012,0.43647171,0.402821889,
CA-46,Pure urban,3.45005E-05,0.019009947,0.139887452,0.841068101,
CA-47,Pure urban,0.004012674,0.012601692,0.120130764,0.86325487,
CA-48,Urban-suburban mix,0.000643798,0.049742429,0.297763851,0.651849923,
CA-49,Dense suburban,0.057590185,0.180673283,0.500527287,0.261209245,
CA-50,Dense suburban,0.130165062,0.232750512,0.405552508,0.231531917,
CA-51,Urban-suburban mix,0.125930506,0.099827085,0.244584814,0.529657595,
CA-52,Urban-suburban mix,0.028288155,0.131892067,0.425584624,0.414235155,
CA-53,Urban-suburban mix,0.005056966,0.07525047,0.340160139,0.579532425,
CO-01,Urban-suburban mix,0.006037318,0.04931921,0.292407853,0.652235619,
CO-02,Sparse suburban,0.243060931,0.255802421,0.357052661,0.144083988,
CO-03,Pure rural,0.509305625,0.254422166,0.202455465,0.033816743,
CO-04,Rural-suburban mix,0.35652999,0.310557269,0.276835341,0.0560774,
CO-05,Dense suburban,0.207475763,0.204687997,0.471487923,0.116348317,
CO-06,Dense suburban,0.041569566,0.123118518,0.473971261,0.361340654,
CO-07,Dense suburban,0.01457822,0.169356474,0.548937731,0.267127576,
CT-01,Sparse suburban,0.045943224,0.465596867,0.296851398,0.191608511,
CT-02,Rural-suburban mix,0.292671126,0.542477089,0.135769658,0.029082127,
CT-03,Sparse suburban,0.012366092,0.390850402,0.365039701,0.231743805,
CT-04,Sparse suburban,0.025013488,0.395969637,0.256974859,0.322042016,
CT-05,Sparse suburban,0.103713515,0.500653998,0.256312092,0.139320395,
DE-AL,Sparse suburban,0.18180583,0.469965069,0.251970964,0.096258138,
FL-01,Rural-suburban mix,0.247701264,0.517930522,0.229029904,0.005338309,
FL-02,Rural-suburban mix,0.454056282,0.331193237,0.158829805,0.055920676,
FL-03,Pure rural,0.537138575,0.30021639,0.129452033,0.033193002,
FL-04,Sparse suburban,0.155761204,0.351823647,0.458490529,0.033924621,
FL-05,Sparse suburban,0.068327145,0.334114697,0.496364996,0.101193161,
FL-06,Sparse suburban,0.190344021,0.530091095,0.271709587,0.007855298,
FL-07,Sparse suburban,0.048507656,0.381637554,0.543807094,0.026047697,
FL-08,Sparse suburban,0.12060512,0.550861969,0.316960856,0.011572055,
FL-09,Sparse suburban,0.100459267,0.452290712,0.39423845,0.053011571,
FL-10,Sparse suburban,0.14305966,0.582982582,0.21074797,0.063209789,
FL-11,Rural-suburban mix,0.264831933,0.529436316,0.205731751,0,
FL-12,Sparse suburban,0.047631851,0.502126195,0.416436583,0.033805372,
FL-13,Dense suburban,0,0.081952433,0.703624275,0.214423292,
FL-14,Dense suburban,0.011885598,0.166410704,0.562589168,0.25911453,
FL-15,Sparse suburban,0.049561338,0.449904071,0.471653319,0.028881272,
FL-16,Sparse suburban,0.042033275,0.456169847,0.448490779,0.053306098,
FL-17,Rural-suburban mix,0.305932459,0.568457595,0.125609945,0,
FL-18,Sparse suburban,0.081154796,0.422952534,0.478317121,0.017575548,
FL-19,Sparse suburban,0.052932084,0.546120937,0.372768873,0.028178107,
FL-20,Urban-suburban mix,0.051275742,0.081093458,0.478764388,0.388866412,
FL-21,Dense suburban,0.008764258,0.146659802,0.576842172,0.267733769,
FL-22,Dense suburban,0.003150514,0.047408129,0.581992518,0.367448839,
FL-23,Urban-suburban mix,8.64763E-05,0.13749557,0.402070822,0.460347131,
FL-24,Urban-suburban mix,0.001830591,0.042350146,0.422159656,0.533659607,
FL-25,Urban-suburban mix,0.09349836,0.184367218,0.260298007,0.461836414,
FL-26,Urban-suburban mix,0.076118398,0.177344524,0.392795893,0.353741184,
FL-27,Urban-suburban mix,0.008607373,0.080661675,0.361625739,0.549105214,
GA-01,Rural-suburban mix,0.428077571,0.397193353,0.144211809,0.030517267,
GA-02,Rural-suburban mix,0.48242283,0.314709604,0.201514861,0.001352704,
GA-03,Rural-suburban mix,0.389282256,0.549807603,0.059840451,0.00106969,
GA-04,Sparse suburban,0.030850656,0.485601001,0.421283051,0.062265291,
GA-05,Dense suburban,0.003408143,0.225824278,0.549051491,0.221716087,
GA-06,Dense suburban,0,0.248025533,0.648693152,0.103281315,
GA-07,Sparse suburban,0,0.635573629,0.348129344,0.016297028,
GA-08,Pure rural,0.553623684,0.341735066,0.10464125,0,
GA-09,Pure rural,0.605057176,0.385437385,0.009505439,0,
GA-10,Pure rural,0.493169741,0.443913697,0.062916562,0,
GA-11,Sparse suburban,0.122144936,0.515870308,0.316891993,0.045092763,
GA-12,Pure rural,0.529761475,0.323475126,0.146763398,0,
GA-13,Sparse suburban,0.033993346,0.70309587,0.257361774,0.005549011,
GA-14,Rural-suburban mix,0.430160524,0.5571178,0.012721676,0,
HI-01,Urban-suburban mix,0.013544257,0.139462688,0.317257581,0.529735474,
HI-02,Rural-suburban mix,0.376624493,0.276290883,0.239848159,0.107236465,
IA-01,Rural-suburban mix,0.408314889,0.352690493,0.218720451,0.020274167,
IA-02,Rural-suburban mix,0.411800196,0.33390658,0.209589029,0.044704196,
IA-03,Sparse suburban,0.242172326,0.31384466,0.387619019,0.056363995,
IA-04,Pure rural,0.56718062,0.297518497,0.087781729,0.047519155,
ID-01,Rural-suburban mix,0.396939341,0.357598931,0.245461728,0,
ID-02,Rural-suburban mix,0.426046134,0.199837013,0.303779616,0.070337237,
IL-01,Urban-suburban mix,0.023867338,0.134470189,0.29929924,0.542363234,
IL-02,Dense suburban,0.078928797,0.294354118,0.378419462,0.248297623,
IL-03,Urban-suburban mix,0.004753784,0.183273779,0.339922093,0.472050344,
IL-04,Pure urban,0,0.015726707,0.07213234,0.912140952,
IL-05,Pure urban,0,0.039229704,0.170700005,0.790070291,
IL-06,Sparse suburban,0.007291454,0.425821499,0.497580562,0.069306485,
IL-07,Pure urban,0,0.013922339,0.13655968,0.849517981,
IL-08,Dense suburban,0.004088121,0.164356687,0.611415423,0.220139768,
IL-09,Urban-suburban mix,0,0.016691116,0.387571527,0.595737357,
IL-10,Sparse suburban,0.013655364,0.375641222,0.472516351,0.138187063,
IL-11,Dense suburban,0.0109818,0.242656641,0.61436857,0.13199299,
IL-12,Rural-suburban mix,0.365223056,0.407030996,0.216534264,0.011211684,
IL-13,Rural-suburban mix,0.295443728,0.341184718,0.265084651,0.098286902,
IL-14,Sparse suburban,0.146493089,0.639712895,0.213794016,0,
IL-15,Pure rural,0.585870203,0.366025639,0.048104158,0,
IL-16,Rural-suburban mix,0.437851812,0.353443427,0.184138631,0.024566131,
IL-17,Rural-suburban mix,0.316600012,0.28224657,0.347902552,0.053250865,
IL-18,Rural-suburban mix,0.452390606,0.344695061,0.184697593,0.01821674,
IN-01,Sparse suburban,0.107385756,0.43346682,0.396789417,0.062358007,
IN-02,Rural-suburban mix,0.321062633,0.434462687,0.232700257,0.011774423,
IN-03,Rural-suburban mix,0.369054079,0.381130608,0.225413163,0.024402151,
IN-04,Rural-suburban mix,0.437392742,0.318999598,0.207229247,0.036378413,
IN-05,Sparse suburban,0.168832882,0.468330361,0.343390189,0.019446568,
IN-06,Pure rural,0.541281381,0.268754905,0.173291104,0.01667261,
IN-07,Dense suburban,0,0.249111973,0.633806575,0.117081452,
IN-08,Rural-suburban mix,0.455855332,0.324713353,0.202266188,0.017165128,
IN-09,Rural-suburban mix,0.43584441,0.270935905,0.267631445,0.025588241,
KS-01,Pure rural,0.563472732,0.265625398,0.160384789,0.010517081,
KS-02,Pure rural,0.501790644,0.252987472,0.206275011,0.038946873,
KS-03,Dense suburban,0.062323142,0.246048415,0.623689781,0.067938661,
KS-04,Sparse suburban,0.270727551,0.299733103,0.399446802,0.030092544,
KY-01,Pure rural,0.740702188,0.205284059,0.051275047,0.002738706,
KY-02,Pure rural,0.56601322,0.299163479,0.126938694,0.007884608,
KY-03,Dense suburban,0.005368152,0.220870048,0.602464524,0.171297276,
KY-04,Rural-suburban mix,0.364573737,0.375488061,0.209823143,0.050115059,
KY-05,Pure rural,0.888434138,0.10680881,0.004757051,0,
KY-06,Rural-suburban mix,0.303170031,0.283731884,0.297909166,0.115188919,
LA-01,Rural-suburban mix,0.256082771,0.312246646,0.237974898,0.193695685,
LA-02,Dense suburban,0.112853073,0.187215381,0.418743914,0.281187632,
LA-03,Rural-suburban mix,0.377515214,0.376820846,0.23630314,0.009360799,
LA-04,Pure rural,0.511115543,0.288113107,0.20077135,0,
LA-05,Pure rural,0.62844039,0.290532461,0.081027149,0,
LA-06,Rural-suburban mix,0.240455886,0.492911548,0.251052798,0.015579769,
MA-01,Sparse suburban,0.18894334,0.370792733,0.296739669,0.143524259,
MA-02,Rural-suburban mix,0.219294769,0.435841258,0.193603604,0.151260369,
MA-03,Sparse suburban,0.062331012,0.458121192,0.229514496,0.2500333,
MA-04,Sparse suburban,0.047113986,0.565537947,0.219743436,0.167604631,
MA-05,Urban-suburban mix,0.00566463,0.209658322,0.296205572,0.488471477,
MA-06,Sparse suburban,0.010771743,0.49721822,0.29383645,0.198173587,
MA-07,Pure urban,0.001515421,0.012051943,0.10687827,0.879554367,
MA-08,Dense suburban,0.006948774,0.34386847,0.341349865,0.307832891,
MA-09,Sparse suburban,0.105405955,0.646241721,0.108215151,0.140137174,
MD-01,Rural-suburban mix,0.403732147,0.40491574,0.179071587,0.012280526,
MD-02,Dense suburban,0.015977988,0.214894527,0.445908072,0.323219414,
MD-03,Dense suburban,0.006672587,0.254786142,0.405661689,0.332879583,
MD-04,Dense suburban,0.004915901,0.260282432,0.452542894,0.282258774,
MD-05,Sparse suburban,0.215235511,0.500800115,0.233654336,0.050310037,
MD-06,Sparse suburban,0.194880043,0.273403443,0.314077514,0.217639,
MD-07,Urban-suburban mix,0.080146432,0.121675697,0.257194703,0.540983168,
MD-08,Dense suburban,0.101494714,0.23601601,0.336696036,0.325793239,
ME-01,Rural-suburban mix,0.450501659,0.38520769,0.100253024,0.064037627,
ME-02,Pure rural,0.804478457,0.129810713,0.038909411,0.026801419,
MI-01,Pure rural,0.709264106,0.237770998,0.040810909,0.012153987,
MI-02,Rural-suburban mix,0.282074725,0.409581895,0.298316622,0.010026758,
MI-03,Rural-suburban mix,0.312318702,0.346141515,0.237966712,0.10357307,
MI-04,Pure rural,0.723682941,0.183402787,0.092914272,0,
MI-05,Sparse suburban,0.231431021,0.412330783,0.309095144,0.047143051,
MI-06,Rural-suburban mix,0.457807959,0.372610539,0.144497063,0.025084439,
MI-07,Pure rural,0.520775185,0.325197197,0.138155067,0.015872551,
MI-08,Sparse suburban,0.207414518,0.427581079,0.329752237,0.035252165,
MI-09,Dense suburban,0.000146634,0.07055122,0.579279863,0.350022284,
MI-10,Rural-suburban mix,0.360644661,0.300809477,0.310588126,0.027957737,
MI-11,Sparse suburban,0.011308584,0.417282408,0.51455391,0.056855098,
MI-12,Dense suburban,0.020392394,0.271502522,0.448145113,0.259959972,
MI-13,Dense suburban,0.00041197,0.067482084,0.594933574,0.337172372,
MI-14,Dense suburban,0.00012416,0.103206588,0.547556381,0.34911287,
MN-01,Rural-suburban mix,0.446143384,0.322983682,0.207067822,0.023805111,
MN-02,Sparse suburban,0.169645309,0.418183097,0.383627814,0.02854378,
MN-03,Sparse suburban,0.057791799,0.38560693,0.532860961,0.023740311,
MN-04,Dense suburban,0.020673452,0.229002154,0.47175708,0.278567314,
MN-05,Urban-suburban mix,0.000419755,0.017178221,0.437141717,0.545260307,
MN-06,Rural-suburban mix,0.334163071,0.516682498,0.149154431,0,
MN-07,Pure rural,0.695033751,0.246878203,0.058088047,0,
MN-08,Pure rural,0.633588142,0.295629888,0.049264021,0.021517948,
MO-01,Dense suburban,0.002802444,0.101272517,0.510219121,0.385705918,
MO-02,Dense suburban,0.014904008,0.294611944,0.638167157,0.052316892,
MO-03,Rural-suburban mix,0.401561756,0.378957181,0.219481064,0,
MO-04,Pure rural,0.540315777,0.370810534,0.078050205,0.010823484,
MO-05,Dense suburban,0.10870493,0.269793531,0.523717614,0.097783925,
MO-06,Rural-suburban mix,0.41080189,0.407192766,0.182005343,0,
MO-07,Rural-suburban mix,0.409167561,0.38074082,0.186980613,0.023111006,
MO-08,Pure rural,0.65912922,0.317246265,0.023624516,0,
MS-01,Pure rural,0.618043716,0.334619651,0.047336632,0,
MS-02,Pure rural,0.489527077,0.35209055,0.158382373,0,
MS-03,Pure rural,0.601600557,0.323127049,0.075272394,0,
MS-04,Rural-suburban mix,0.437147586,0.434194123,0.128658292,0,
MT-AL,Pure rural,0.518712789,0.256645798,0.196032601,0.028608811,
NC-01,Rural-suburban mix,0.441214553,0.305548803,0.228430883,0.02480576,
NC-02,Rural-suburban mix,0.34940689,0.43609545,0.208107024,0.006390636,
NC-03,Pure rural,0.487428816,0.382113764,0.13045742,0,
NC-04,Sparse suburban,0.098696328,0.338721753,0.487642842,0.074939077,
NC-05,Rural-suburban mix,0.349042951,0.517569458,0.13338759,0,
NC-06,Rural-suburban mix,0.38919747,0.44077692,0.162013602,0.008012009,
NC-07,Pure rural,0.528182793,0.395983262,0.075833945,0,
NC-08,Pure rural,0.492675839,0.445484737,0.061839424,0,
NC-09,Sparse suburban,0.057787471,0.508660503,0.421783192,0.011768834,
NC-10,Rural-suburban mix,0.294110609,0.629424604,0.076464787,0,
NC-11,Pure rural,0.555204547,0.435652105,0.009143348,0,
NC-12,Sparse suburban,0.019981799,0.431277123,0.47002111,0.078719968,
NC-13,Rural-suburban mix,0.293957293,0.460628534,0.245377355,3.68169E-05,
ND-AL,Rural-suburban mix,0.406233954,0.251826364,0.267155871,0.074783811,
NE-01,Rural-suburban mix,0.34594012,0.207941433,0.358713611,0.087404837,
NE-02,Dense suburban,0.048023214,0.182680893,0.571399878,0.197896016,
NE-03,Pure rural,0.615709341,0.273872652,0.110418006,0,
NH-01,Rural-suburban mix,0.270509032,0.518450052,0.14042573,0.070615186,
NH-02,Pure rural,0.519559397,0.31985291,0.124976272,0.035611421,
NJ-01,Dense suburban,0.023557851,0.259966244,0.529686907,0.186788998,
NJ-02,Rural-suburban mix,0.266995105,0.451997724,0.214811451,0.06619572,
NJ-03,Sparse suburban,0.084626594,0.473435496,0.416662229,0.02527568,
NJ-04,Sparse suburban,0.03753911,0.474140538,0.389279444,0.099040908,
NJ-05,Dense suburban,0.135973627,0.276026719,0.332507995,0.25549166,
NJ-06,Dense suburban,0,0.207548504,0.484299062,0.308152434,
NJ-07,Sparse suburban,0.125322579,0.438906023,0.324904964,0.110866434,
NJ-08,Pure urban,0,0.022365198,0.047716037,0.929918765,
NJ-09,Pure urban,0,0.0574821,0.198180739,0.74433716,
NJ-10,Pure urban,0.005598321,0.009100153,0.108048319,0.877253207,
NJ-11,Sparse suburban,0.01660859,0.473676778,0.366126537,0.143588095,
NJ-12,Dense suburban,0.029981139,0.290500735,0.472836183,0.206681943,
NM-01,Dense suburban,0.108307935,0.143592428,0.490107346,0.257992291,
NM-02,Rural-suburban mix,0.376572774,0.463165742,0.147569194,0.01269229,
NM-03,Pure rural,0.493466744,0.261871226,0.227589754,0.017072276,
NV-01,Urban-suburban mix,0.00034213,0.036677943,0.266702779,0.696277147,
NV-02,Rural-suburban mix,0.25434819,0.269319451,0.290138093,0.186194266,
NV-03,Urban-suburban mix,0.051885113,0.134609777,0.377724722,0.435780388,
NV-04,Urban-suburban mix,0.121382422,0.141853148,0.359355982,0.377408449,
NY-01,Sparse suburban,0.099837801,0.421734277,0.478427922,0,
NY-02,Dense suburban,0.008773014,0.101148345,0.660644718,0.229433923,
NY-03,Dense suburban,0.00372826,0.241333446,0.448785334,0.30615296,
NY-04,Urban-suburban mix,0.00680392,0.041115611,0.243759819,0.70832065,
NY-05,Pure urban,0.000664072,0.005074857,0.030752671,0.963508399,
NY-06,Pure urban,0.000459467,0,0,0.999540533,
NY-07,Pure urban,0.002767723,9.84613E-06,0.004651724,0.992570707,
NY-08,Pure urban,2.12108E-05,0.002324747,0.024340767,0.973313276,
NY-09,Pure urban,1.07972E-05,0,0.001782886,0.998206317,
NY-10,Pure urban,2.48682E-05,0,0.001230326,0.998744806,
NY-11,Pure urban,5.61743E-05,0.014616285,0.055056317,0.930271224,
NY-12,Pure urban,0.002406905,0.001284785,0.0072284,0.98907991,
NY-13,Pure urban,3.82969E-05,0,0,0.999961703,
NY-14,Pure urban,0.011737346,0.003734309,0.023934585,0.960593759,
NY-15,Pure urban,0.000164472,1.17778E-05,0.019051671,0.980772079,
NY-16,Pure urban,0.00096787,0.046986461,0.182072832,0.769972837,
NY-17,Sparse suburban,0.027446357,0.403643592,0.340131816,0.228778234,
NY-18,Rural-suburban mix,0.236775786,0.514605362,0.166748389,0.081870462,
NY-19,Pure rural,0.716382163,0.235260035,0.03440248,0.013955323,
NY-20,Sparse suburban,0.129457717,0.372561278,0.279998142,0.217982863,
NY-21,Pure rural,0.730736536,0.130695908,0.121351997,0.017215558,
NY-22,Rural-suburban mix,0.453761885,0.231161735,0.187938194,0.127138186,
NY-23,Pure rural,0.645880253,0.172679838,0.144099086,0.037340824,
NY-24,Rural-suburban mix,0.304378238,0.294832527,0.259327374,0.141461861,
NY-25,Sparse suburban,0.046819904,0.363784672,0.322067142,0.267328283,
NY-26,Urban-suburban mix,0.012614723,0.147131761,0.40254257,0.437710946,
NY-27,Pure rural,0.481841127,0.349150862,0.162414123,0.006593888,
OH-01,Sparse suburban,0.080112869,0.329518834,0.40858329,0.181785007,
OH-02,Rural-suburban mix,0.295232963,0.272424893,0.320060313,0.112281831,
OH-03,Dense suburban,0.000488347,0.165905569,0.515882913,0.317723171,
OH-04,Rural-suburban mix,0.440972009,0.377845305,0.162593416,0.01858927,
OH-05,Rural-suburban mix,0.426696732,0.309181976,0.221936573,0.042184719,
OH-06,Pure rural,0.659016829,0.257714556,0.083268615,0,
OH-07,Rural-suburban mix,0.414109934,0.393901772,0.150147331,0.041840964,
OH-08,Rural-suburban mix,0.275377447,0.42758096,0.254808714,0.042232878,
OH-09,Dense suburban,0.033891834,0.155484331,0.449805129,0.360818705,
OH-10,Sparse suburban,0.080560771,0.398678514,0.422169421,0.098591294,
OH-11,Urban-suburban mix,0.008812207,0.116512681,0.418454382,0.45622073,
OH-12,Sparse suburban,0.228496451,0.402108526,0.311153191,0.058241831,
OH-13,Sparse suburban,0.086337008,0.369338547,0.459099934,0.085224511,
OH-14,Sparse suburban,0.217287347,0.464330816,0.277927302,0.040454536,
OH-15,Rural-suburban mix,0.434296638,0.250644233,0.242030251,0.073028878,
OH-16,Sparse suburban,0.130353491,0.503469754,0.336508016,0.029668739,
OK-01,Sparse suburban,0.117008882,0.378093683,0.443568996,0.061328439,
OK-02,Pure rural,0.752290424,0.204468063,0.043241513,0,
OK-03,Pure rural,0.646045057,0.247440168,0.095434101,0.011080674,
OK-04,Rural-suburban mix,0.37669733,0.290139429,0.307866037,0.025297204,
OK-05,Dense suburban,0.140506953,0.229244512,0.5047514,0.125497134,
OR-01,Dense suburban,0.1631077,0.168371621,0.457880793,0.210639886,
OR-02,Rural-suburban mix,0.450337424,0.335399622,0.188271405,0.025991549,
OR-03,Urban-suburban mix,0.061712155,0.097134116,0.261532369,0.57962136,
OR-04,Rural-suburban mix,0.389540477,0.273437283,0.25864393,0.07837831,
OR-05,Dense suburban,0.230077302,0.188217153,0.474251095,0.10745445,
PA-01,Sparse suburban,0.040683127,0.458871128,0.433227522,0.067218223,
PA-02,Pure urban,0.006140196,0.00469436,0.059575371,0.929590073,
PA-03,Pure urban,0.001575601,0.015438526,0.033129499,0.949856375,
PA-04,Sparse suburban,0.015764292,0.465198904,0.353934306,0.165102499,
PA-05,Urban-suburban mix,5.02362E-06,0.184285983,0.292334294,0.5233747,
PA-06,Sparse suburban,0.08523152,0.51995198,0.25214,0.1426765,
PA-07,Sparse suburban,0.088712109,0.368423919,0.341038594,0.201825378,
PA-08,Rural-suburban mix,0.327584596,0.336832435,0.179376221,0.156206748,
PA-09,Pure rural,0.475206285,0.267010218,0.193172755,0.064610743,
PA-10,Sparse suburban,0.118043587,0.447786032,0.31033161,0.123838771,
PA-11,Sparse suburban,0.215132954,0.477855199,0.219452477,0.08755937,
PA-12,Pure rural,0.700932725,0.111225909,0.128831748,0.059009618,
PA-13,Pure rural,0.587768271,0.17528706,0.195255551,0.041689118,
PA-14,Rural-suburban mix,0.308950505,0.445932497,0.187020441,0.058096557,
PA-15,Pure rural,0.707454095,0.15146432,0.131239673,0.009841913,
PA-16,Rural-suburban mix,0.404441819,0.253313353,0.250301144,0.091943684,
PA-17,Sparse suburban,0.056733691,0.458357701,0.343263695,0.141644914,
PA-18,Urban-suburban mix,0.009496733,0.220148063,0.354160579,0.416194625,
RI-01,Urban-suburban mix,0.023136914,0.308334586,0.243435656,0.425092843,
RI-02,Sparse suburban,0.138017382,0.349872712,0.306848677,0.205261229,
SC-01,Sparse suburban,0.142487517,0.560791225,0.279884308,0.01683695,
SC-02,Rural-suburban mix,0.268180572,0.552858999,0.170807244,0.008153185,
SC-03,Pure rural,0.532498713,0.431304102,0.036197185,0,
SC-04,Sparse suburban,0.114331171,0.652144113,0.223198212,0.010326503,
SC-05,Pure rural,0.472599897,0.452153527,0.075246576,0,
SC-06,Pure rural,0.524308545,0.250847958,0.188502844,0.036340653,
SC-07,Rural-suburban mix,0.461295249,0.448676068,0.090028683,0,
SD-AL,Pure rural,0.52743862,0.244179279,0.208931698,0.019450403,
TN-01,Rural-suburban mix,0.41338735,0.508433818,0.078178831,0,
TN-02,Rural-suburban mix,0.231216773,0.501466762,0.248685008,0.018631456,
TN-03,Rural-suburban mix,0.416752287,0.448252783,0.134994929,0,
TN-04,Rural-suburban mix,0.473693516,0.356642753,0.160757813,0.008905918,
TN-05,Sparse suburban,0.125799159,0.350637412,0.442163907,0.081399523,
TN-06,Pure rural,0.536049439,0.431964445,0.031986116,0,
TN-07,Pure rural,0.519872326,0.377338775,0.102788899,0,
TN-08,Rural-suburban mix,0.459185353,0.402387485,0.138427162,0,
TN-09,Dense suburban,0.041139927,0.236308728,0.642656781,0.079894564,
TX-01,Pure rural,0.523052012,0.340597362,0.136350626,0,
TX-02,Dense suburban,0.021372581,0.279909518,0.490899918,0.207817983,
TX-03,Dense suburban,0.02678056,0.22977602,0.59405024,0.14939318,
TX-04,Pure rural,0.598125188,0.344794397,0.057080414,0,
TX-05,Rural-suburban mix,0.331925591,0.285746038,0.269122404,0.113205966,
TX-06,Dense suburban,0.135916244,0.272068919,0.538002918,0.05401192,
TX-07,Urban-suburban mix,0.000717775,0.09569149,0.433006706,0.47058403,
TX-08,Rural-suburban mix,0.288442862,0.530316911,0.181240227,0,
TX-09,Urban-suburban mix,0,0.144938738,0.387478362,0.4675829,
TX-10,Rural-suburban mix,0.294378501,0.276179891,0.31008305,0.119358557,
TX-11,Rural-suburban mix,0.393896821,0.267322402,0.331456906,0.007323871,
TX-12,Sparse suburban,0.147327945,0.309818024,0.434928808,0.107925223,
TX-13,Rural-suburban mix,0.396134867,0.312739229,0.276168168,0.014957737,
TX-14,Sparse suburban,0.207021002,0.339732334,0.413132072,0.040114592,
TX-15,Sparse suburban,0.1713338,0.545815016,0.282851185,0,
TX-16,Dense suburban,0.024687869,0.274728137,0.478476443,0.222107551,
TX-17,Rural-suburban mix,0.315147825,0.286108908,0.314597389,0.084145878,
TX-18,Dense suburban,0.005412291,0.173471911,0.602402345,0.218713453,
TX-19,Rural-suburban mix,0.378785634,0.242827011,0.317904467,0.060482888,
TX-20,Dense suburban,0.000877502,0.141511038,0.622116492,0.235494967,
TX-21,Dense suburban,0.283819983,0.181396678,0.360193109,0.17459023,
TX-22,Sparse suburban,0.081481522,0.413663155,0.436409187,0.068446135,
TX-23,Rural-suburban mix,0.364111532,0.374786934,0.245680677,0.015420858,
TX-24,Dense suburban,0.000110596,0.166223731,0.494127083,0.33953859,
TX-25,Rural-suburban mix,0.342303824,0.385620929,0.229142887,0.042932359,
TX-26,Sparse suburban,0.082004196,0.364687043,0.491452104,0.061856657,
TX-27,Rural-suburban mix,0.346251541,0.248925625,0.2845267,0.120296134,
TX-28,Sparse suburban,0.257379933,0.279116277,0.363171047,0.100332742,
TX-29,Dense suburban,0.00045818,0.168573437,0.590634228,0.240334155,
TX-30,Dense suburban,0.016538137,0.233212232,0.62013334,0.130116291,
TX-31,Sparse suburban,0.163464144,0.386099246,0.412717153,0.037719457,
TX-32,Dense suburban,9.40852E-05,0.159455062,0.506006278,0.334444575,
TX-33,Dense suburban,0.003517059,0.165780619,0.586879797,0.243822524,
TX-34,Rural-suburban mix,0.284365979,0.388333039,0.308560599,0.018740384,
TX-35,Dense suburban,0.048829619,0.292681546,0.467927047,0.190561789,
TX-36,Rural-suburban mix,0.459916157,0.243894323,0.279611924,0.016577596,
UT-01,Sparse suburban,0.25475282,0.302355194,0.405131632,0.037760353,
UT-02,Rural-suburban mix,0.293064408,0.270646941,0.274144308,0.162144342,
UT-03,Sparse suburban,0.113804032,0.310286375,0.450304901,0.125604692,
UT-04,Dense suburban,0.098599318,0.180608621,0.53187519,0.188916871,
VA-01,Rural-suburban mix,0.315054181,0.446739548,0.234571781,0.003634491,
VA-02,Dense suburban,0.090575491,0.155271336,0.527799792,0.226353381,
VA-03,Dense suburban,0.068027559,0.135902904,0.557539533,0.238530005,
VA-04,Rural-suburban mix,0.293188129,0.423560814,0.277074627,0.00617643,
VA-05,Pure rural,0.688245388,0.191476286,0.087367101,0.032911225,
VA-06,Rural-suburban mix,0.398602453,0.322629807,0.270913349,0.007854392,
VA-07,Rural-suburban mix,0.296637319,0.393770032,0.27149223,0.038100419,
VA-08,Urban-suburban mix,0.002773914,0.061057238,0.276106386,0.660062462,
VA-09,Pure rural,0.689762402,0.28582832,0.024409279,0,
VA-10,Sparse suburban,0.152722083,0.363414308,0.419675931,0.064187678,
VA-11,Dense suburban,0.000491493,0.10444192,0.625928756,0.269137831,
VT-AL,Pure rural,0.686158381,0.204506514,0.083493946,0.025841159,
WA-01,Sparse suburban,0.19901177,0.338325971,0.403876383,0.058785876,
WA-02,Dense suburban,0.133836566,0.254376189,0.452714522,0.159072723,
WA-03,Rural-suburban mix,0.293325015,0.22608711,0.380080892,0.100506983,
WA-04,Rural-suburban mix,0.352898474,0.395104133,0.200715578,0.051281816,
WA-05,Rural-suburban mix,0.295782887,0.235042329,0.345514509,0.123660276,
WA-06,Rural-suburban mix,0.246637527,0.411457053,0.231126558,0.110778862,
WA-07,Urban-suburban mix,0,0.035331312,0.27671227,0.687956418,
WA-08,Sparse suburban,0.184334606,0.424674259,0.349297794,0.041693341,
WA-09,Dense suburban,0.001667775,0.110337437,0.632191762,0.255803026,
WA-10,Dense suburban,0.090251461,0.306474305,0.562830059,0.040444175,
WI-01,Sparse suburban,0.216341933,0.406644704,0.280898915,0.096114447,
WI-02,Rural-suburban mix,0.29778123,0.329534634,0.243916468,0.128767667,
WI-03,Pure rural,0.550307369,0.307538818,0.123467926,0.018685887,
WI-04,Urban-suburban mix,0,0.036939577,0.307625139,0.655435284,
WI-05,Sparse suburban,0.186329325,0.445850878,0.252691957,0.11512784,
WI-06,Rural-suburban mix,0.402240886,0.324157122,0.227028134,0.046573857,
WI-07,Pure rural,0.737411576,0.194792203,0.061157803,0.006638418,
WI-08,Rural-suburban mix,0.413683499,0.288428576,0.263726707,0.034161218,
WV-01,Pure rural,0.514883928,0.325892315,0.143057165,0.016166592,
WV-02,Pure rural,0.501097351,0.382036401,0.107313218,0.00955303,
WV-03,Pure rural,0.6760207,0.212421445,0.098358104,0.013199752,
WY-AL,Pure rural,0.49199954,0.282464509,0.211754475,0.013781476,
